Dimension = 1600 X 1
1.42284e+09
9.3472e+08
4.33055e+08
2.59676e+08
2.4974e+08
1.79293e+08
1.77901e+08
1.3566e+08
1.07494e+08
1.01317e+08
8.23295e+07
8.04401e+07
7.45761e+07
7.21473e+07
6.92187e+07
5.90901e+07
5.6677e+07
5.5049e+07
5.04871e+07
4.83227e+07
4.5717e+07
4.46903e+07
4.29398e+07
4.25683e+07
4.11601e+07
3.88956e+07
3.53872e+07
3.41982e+07
3.20284e+07
3.16881e+07
2.90964e+07
2.83857e+07
2.76888e+07
2.67335e+07
2.60456e+07
2.40344e+07
2.35429e+07
2.22635e+07
2.18191e+07
2.1069e+07
2.07192e+07
2.01039e+07
1.97929e+07
1.92573e+07
1.88208e+07
1.84629e+07
1.76644e+07
1.71436e+07
1.68909e+07
1.65236e+07
1.63216e+07
1.62545e+07
1.59792e+07
1.55141e+07
1.50806e+07
1.47993e+07
1.4756e+07
1.4434e+07
1.41243e+07
1.3932e+07
1.38377e+07
1.34796e+07
1.3199e+07
1.29032e+07
1.26613e+07
1.25928e+07
1.2259e+07
1.2146e+07
1.19744e+07
1.1725e+07
1.14905e+07
1.1262e+07
1.11153e+07
1.09302e+07
1.08354e+07
1.05332e+07
1.04436e+07
1.03737e+07
1.01627e+07
1.00198e+07
1.00008e+07
9.77329e+06
9.68471e+06
9.67529e+06
9.51887e+06
9.38317e+06
9.19233e+06
9.17439e+06
9.1305e+06
8.98486e+06
8.82733e+06
8.76838e+06
8.68359e+06
8.64842e+06
8.62564e+06
8.4243e+06
8.38873e+06
8.2993e+06
8.20327e+06
8.12423e+06
8.0568e+06
7.91359e+06
7.85739e+06
7.80753e+06
7.74831e+06
7.63937e+06
7.57596e+06
7.53234e+06
7.50924e+06
7.39652e+06
7.32228e+06
7.30899e+06
7.20301e+06
7.15307e+06
7.08053e+06
7.05579e+06
6.97916e+06
6.89169e+06
6.8481e+06
6.77813e+06
6.73732e+06
6.71102e+06
6.66534e+06
6.59122e+06
6.54722e+06
6.5119e+06
6.37343e+06
6.34326e+06
6.32655e+06
6.2641e+06
6.16245e+06
6.15029e+06
6.10178e+06
6.05544e+06
6.00272e+06
5.98252e+06
5.90368e+06
5.85108e+06
5.79118e+06
5.7534e+06
5.73569e+06
5.69559e+06
5.65442e+06
5.62107e+06
5.58623e+06
5.57493e+06
5.54904e+06
5.51709e+06
5.5135e+06
5.44024e+06
5.4057e+06
5.38287e+06
5.31139e+06
5.29363e+06
5.2844e+06
5.21145e+06
5.17418e+06
5.14982e+06
5.11398e+06
5.0491e+06
5.01155e+06
5.00143e+06
4.98295e+06
4.96023e+06
4.93489e+06
4.91036e+06
4.83496e+06
4.82413e+06
4.7856e+06
4.76256e+06
4.74762e+06
4.71304e+06
4.69025e+06
4.65128e+06
4.64782e+06
4.58642e+06
4.56163e+06
4.55529e+06
4.54165e+06
4.49359e+06
4.47915e+06
4.45316e+06
4.42588e+06
4.38472e+06
4.35594e+06
4.32504e+06
4.28944e+06
4.28469e+06
4.27967e+06
4.2413e+06
4.22261e+06
4.17416e+06
4.16555e+06
4.14195e+06
4.11789e+06
4.08578e+06
4.07668e+06
4.0508e+06
4.0119e+06
3.98979e+06
3.97782e+06
3.93703e+06
3.92962e+06
3.9226e+06
3.90485e+06
3.8696e+06
3.85113e+06
3.83887e+06
3.82152e+06
3.80718e+06
3.78925e+06
3.76565e+06
3.76111e+06
3.73602e+06
3.7331e+06
3.69593e+06
3.67283e+06
3.66274e+06
3.61315e+06
3.60295e+06
3.59748e+06
3.58974e+06
3.56424e+06
3.54226e+06
3.52906e+06
3.5138e+06
3.50946e+06
3.50244e+06
3.4965e+06
3.47317e+06
3.46967e+06
3.45189e+06
3.41624e+06
3.40867e+06
3.38489e+06
3.36684e+06
3.34679e+06
3.3235e+06
3.30236e+06
3.29621e+06
3.28862e+06
3.28616e+06
3.24907e+06
3.23444e+06
3.21652e+06
3.19923e+06
3.1885e+06
3.17921e+06
3.16859e+06
3.15429e+06
3.12964e+06
3.11411e+06
3.09215e+06
3.0846e+06
3.06777e+06
3.06353e+06
3.05305e+06
3.02199e+06
3.0106e+06
2.99525e+06
2.98534e+06
2.97952e+06
2.95287e+06
2.94435e+06
2.9365e+06
2.92441e+06
2.91711e+06
2.89883e+06
2.88287e+06
2.87425e+06
2.86791e+06
2.85476e+06
2.84201e+06
2.83051e+06
2.81715e+06
2.81289e+06
2.80389e+06
2.79169e+06
2.78716e+06
2.76565e+06
2.75103e+06
2.7355e+06
2.72467e+06
2.70747e+06
2.70235e+06
2.7001e+06
2.68508e+06
2.67106e+06
2.65402e+06
2.64095e+06
2.63293e+06
2.62499e+06
2.6223e+06
2.60018e+06
2.59219e+06
2.58265e+06
2.56317e+06
2.55209e+06
2.54448e+06
2.53528e+06
2.52624e+06
2.51332e+06
2.50567e+06
2.50067e+06
2.49182e+06
2.4854e+06
2.47936e+06
2.46397e+06
2.4467e+06
2.44432e+06
2.43001e+06
2.42144e+06
2.39558e+06
2.39272e+06
2.38776e+06
2.37685e+06
2.36842e+06
2.35986e+06
2.34969e+06
2.34141e+06
2.33285e+06
2.32729e+06
2.31818e+06
2.30864e+06
2.29739e+06
2.29039e+06
2.28724e+06
2.27876e+06
2.27248e+06
2.27047e+06
2.2469e+06
2.23727e+06
2.23273e+06
2.227e+06
2.2245e+06
2.20964e+06
2.18945e+06
2.18382e+06
2.17261e+06
2.16698e+06
2.15518e+06
2.1528e+06
2.14802e+06
2.1307e+06
2.12183e+06
2.11189e+06
2.11003e+06
2.09154e+06
2.08627e+06
2.08423e+06
2.07056e+06
2.06377e+06
2.05753e+06
2.03941e+06
2.03713e+06
2.02952e+06
2.02358e+06
2.01697e+06
2.01453e+06
2.00178e+06
1.99114e+06
1.98676e+06
1.97997e+06
1.97468e+06
1.96707e+06
1.95508e+06
1.94802e+06
1.9447e+06
1.93058e+06
1.92724e+06
1.91925e+06
1.91271e+06
1.90816e+06
1.90153e+06
1.90015e+06
1.88819e+06
1.88294e+06
1.8756e+06
1.87426e+06
1.86184e+06
1.85989e+06
1.84522e+06
1.84062e+06
1.83466e+06
1.82499e+06
1.8171e+06
1.81191e+06
1.80698e+06
1.79769e+06
1.79281e+06
1.78861e+06
1.77351e+06
1.77035e+06
1.7665e+06
1.76028e+06
1.75744e+06
1.74999e+06
1.74779e+06
1.73718e+06
1.73339e+06
1.72621e+06
1.71973e+06
1.71238e+06
1.70764e+06
1.69947e+06
1.69412e+06
1.69125e+06
1.68746e+06
1.68136e+06
1.67506e+06
1.67047e+06
1.66099e+06
1.65489e+06
1.65202e+06
1.64747e+06
1.64428e+06
1.63091e+06
1.62728e+06
1.61863e+06
1.60771e+06
1.60202e+06
1.59431e+06
1.58611e+06
1.58294e+06
1.57416e+06
1.56968e+06
1.56588e+06
1.55679e+06
1.55271e+06
1.55044e+06
1.54333e+06
1.53737e+06
1.53321e+06
1.52959e+06
1.52609e+06
1.51602e+06
1.51255e+06
1.51019e+06
1.50094e+06
1.49669e+06
1.49406e+06
1.49152e+06
1.48265e+06
1.47979e+06
1.47191e+06
1.46789e+06
1.46197e+06
1.45606e+06
1.45457e+06
1.45187e+06
1.4408e+06
1.43751e+06
1.432e+06
1.42074e+06
1.4187e+06
1.41388e+06
1.41001e+06
1.40075e+06
1.39609e+06
1.38849e+06
1.38713e+06
1.38599e+06
1.38122e+06
1.36907e+06
1.36612e+06
1.36046e+06
1.35466e+06
1.35294e+06
1.35021e+06
1.34832e+06
1.34275e+06
1.33827e+06
1.33036e+06
1.32395e+06
1.32168e+06
1.31425e+06
1.31105e+06
1.30716e+06
1.3008e+06
1.28727e+06
1.28439e+06
1.28325e+06
1.27719e+06
1.27127e+06
1.26668e+06
1.26392e+06
1.26139e+06
1.25811e+06
1.25709e+06
1.25256e+06
1.24103e+06
1.23722e+06
1.23384e+06
1.2289e+06
1.22605e+06
1.22318e+06
1.21309e+06
1.20713e+06
1.20429e+06
1.19618e+06
1.19286e+06
1.18869e+06
1.18678e+06
1.18512e+06
1.18032e+06
1.17617e+06
1.17184e+06
1.16667e+06
1.16508e+06
1.1599e+06
1.15746e+06
1.15501e+06
1.14674e+06
1.141e+06
1.13867e+06
1.13593e+06
1.13322e+06
1.13259e+06
1.12766e+06
1.12434e+06
1.11786e+06
1.11574e+06
1.11259e+06
1.10939e+06
1.10599e+06
1.10363e+06
1.0965e+06
1.09326e+06
1.08861e+06
1.08406e+06
1.08046e+06
1.07603e+06
1.07128e+06
1.06645e+06
1.06491e+06
1.06158e+06
1.05827e+06
1.05467e+06
1.05064e+06
1.05005e+06
1.04565e+06
1.03601e+06
1.03535e+06
1.03253e+06
1.02852e+06
1.02391e+06
1.01476e+06
1.01337e+06
1.01208e+06
1.00927e+06
1.00617e+06
1.00426e+06
995592
992899
991184
986289
980768
979670
978529
968704
965724
963516
961054
954442
953699
951123
949193
946305
944919
940459
936132
933026
929444
928558
921079
920087
917381
914721
912185
905036
901451
900317
897254
893390
891120
888283
885265
881614
879533
877393
872734
871077
868023
866379
861533
858961
853324
850961
847236
845440
840492
838852
836051
833482
833048
826530
824798
821418
819476
817443
815408
809170
808325
805259
802289
801528
796751
794630
792401
786474
784160
782784
780276
777244
773731
769681
767391
764125
762589
758263
754003
752332
749685
747906
745337
741002
738864
736610
733678
732331
729529
727182
725163
721321
716487
712559
710947
709236
707584
705144
703608
699511
697965
691998
689379
687202
684483
683712
682203
680483
677348
673300
671415
667787
667468
665304
660303
658432
656693
655144
652559
650878
648153
644894
642834
640144
636939
634418
632037
628521
626767
624647
623865
621670
618789
617386
613353
611434
609976
608319
606810
604637
602235
600431
596603
596188
595248
591849
587336
585539
584653
581698
578822
575955
573928
572666
571534
566921
565213
563763
562898
557928
556315
554876
552074
550098
547430
546029
544226
541526
540687
537329
535419
534338
533775
529038
527757
525398
523279
521050
518816
517281
517132
515101
513344
509535
508024
504853
502184
500856
499147
497659
494372
492803
491492
490503
485573
484187
482678
481338
480402
477184
475311
474185
472864
471152
469617
467973
463895
463302
460636
459199
457903
457337
453045
450869
448717
447561
445180
442728
441101
439053
437369
436375
434128
431449
429972
428891
427486
426431
424175
422249
420590
418366
416580
414854
413910
412878
410431
410248
409545
406259
405133
402629
401504
400709
398467
397411
396212
393836
391519
390271
387955
387771
385522
384285
381661
381375
378076
375714
374183
373591
372068
370296
368324
366564
365185
363967
363215
362065
359417
357997
356616
356458
355350
353518
351383
351051
347597
345242
343700
342673
341049
338173
337964
335277
334841
333269
331878
330539
329013
327732
326056
325734
324567
323117
321919
321308
320553
319473
318618
314952
313408
311369
310233
308864
306457
305700
303951
302139
301403
301093
299212
297654
295469
294086
293401
292662
291531
289572
288013
287125
286022
284085
282408
281253
280489
279678
278313
277098
276489
275107
274183
271488
270554
269902
269012
267601
265035
263737
261518
260964
259635
259039
258585
257914
256473
255334
253087
252566
251921
250630
249556
248581
245931
245712
244277
243438
240457
239961
238887
237578
236287
234782
234000
233177
231420
230944
229670
229177
227275
226272
225177
224070
222294
221484
219570
219270
218532
217309
214441
213446
212949
212117
211124
209629
208759
206593
206233
204808
204392
202813
202054
201226
200221
199101
197900
197002
195973
194922
193270
192054
191250
190028
189669
187522
186701
185569
185485
184154
183910
183006
181993
180948
180208
178915
178543
177251
175674
174323
173813
172675
171660
171136
169054
168505
167526
167184
166179
165243
164403
164306
163195
161747
161534
159996
158805
157749
156754
156404
154891
154221
153840
153061
151999
151009
150494
150146
148836
147448
146825
146678
145671
144249
143967
142574
142379
141745
140706
140140
139086
137560
135840
135317
134545
133757
133439
132701
131471
131083
130711
129555
128419
128356
126716
126599
125774
124878
124637
123168
122833
121824
120248
119965
119050
118666
118349
117236
116327
115704
115431
114752
114426
113772
113205
112706
110855
110598
109733
109297
108277
107744
107440
106562
105537
105228
104672
104155
102749
102339
101637
100742
99661.6
99219
99065.3
97897.5
97492.9
96181.3
96045.7
95561.7
94876.7
94407.5
94100.4
92905.2
92214.7
91550.6
91201.4
90940.6
89826.2
89232.1
88265.5
87494.6
86872.2
86173.2
85747.8
84823.2
84247
83850.9
83183.7
82837.7
82061.1
81640.6
79847.9
79502.1
79013.3
78432.7
77872.9
77232.7
76918.2
75992.9
75545.2
74565.3
74344.8
73905.9
73377.5
73104.5
72534.3
70984.7
70520.5
70180.8
69414.3
69067.5
68504.7
67964
67289.4
67081.8
66189
65950.3
65753.2
65263.3
64903.9
63775.9
63358.3
62712
61928.7
61533.4
61214.6
60840.7
60669.6
59474.2
58513.2
58434.2
58079.3
57267.8
56465
56350.8
55520.5
55165.3
54776.2
54237.2
53729.8
53261.1
52639.6
51698.3
51077.9
50596.1
50384.5
49809.7
49572.9
49268
49012.2
48652.7
47724.1
47556.4
47198.8
46689.8
46297.3
45880
45637.9
44826.7
44363.2
43872.2
43573.1
42849.3
42752.4
42077.9
41622.9
41216.8
40818.5
40253.7
40207.6
39938.9
38997.2
38825.2
38356.7
37899.1
37443
37063.5
36463.4
36366.6
35924.9
35289.4
34755.3
34521.6
34060.3
33795.8
33285.8
32819.3
32368.6
32266.7
31801.3
31589.1
30901.2
30341
29948.4
29718.8
28972.3
28634.5
28319
27971.6
27770
27555.4
26654.1
26139.4
26110.5
25878.4
25397.1
25167.8
24805.4
24321.2
24095.1
23510.9
23493
23018.4
22724.7
22285.1
21840.5
21254.2
21027.7
20783.9
20209.5
19508.1
19006.6
18894.9
18594.1
18416.6
18061.8
17892.9
17771.4
17301.7
16680.4
16478.9
16153.2
15594.6
15325.8
14952.9
14803.8
14346.7
13947.3
13783.1
13059.8
12867.5
12232.8
12023.8
11578.4
11108.3
10566
10249
10122
9634.81
7.24792e-05
6.81877e-05
5.00679e-05
3.48091e-05
3.29018e-05
3.29018e-05
2.00272e-05
2.00272e-05
2.00272e-05
1.95503e-05
1.85966e-05
1.85966e-05
1.81198e-05
1.81198e-05
1.81198e-05
1.81198e-05
1.81198e-05
1.7643e-05
1.7643e-05
1.71661e-05
1.71661e-05
1.71661e-05
1.71661e-05
1.66893e-05
1.66893e-05
1.62125e-05
1.62125e-05
1.62125e-05
1.62125e-05
1.57356e-05
1.57356e-05
1.57356e-05
1.52588e-05
1.52588e-05
1.52588e-05
1.4782e-05
1.4782e-05
1.4782e-05
1.43051e-05
1.38283e-05
1.38283e-05
1.38283e-05
1.38283e-05
1.33514e-05
1.33514e-05
1.33514e-05
1.28746e-05
1.28746e-05
1.28746e-05
1.28746e-05
1.28746e-05
1.23978e-05
1.23978e-05
1.23978e-05
1.23978e-05
1.23978e-05
1.23978e-05
1.23978e-05
1.23978e-05
1.23978e-05
1.23978e-05
1.19209e-05
1.19209e-05
1.19209e-05
1.19209e-05
1.19209e-05
1.14441e-05
1.14441e-05
1.14441e-05
1.09673e-05
1.09673e-05
1.09673e-05
1.09673e-05
1.09673e-05
1.09673e-05
1.09673e-05
1.09673e-05
1.04904e-05
1.04904e-05
1.04904e-05
1.04904e-05
1.04904e-05
1.04904e-05
1.04904e-05
1.04904e-05
1.04904e-05
1.00136e-05
1.00136e-05
1.00136e-05
1.00136e-05
1.00136e-05
1.00136e-05
9.53674e-06
9.53674e-06
9.53674e-06
9.53674e-06
9.53674e-06
9.53674e-06
9.53674e-06
9.53674e-06
9.53674e-06
9.05991e-06
9.05991e-06
9.05991e-06
9.05991e-06
9.05991e-06
9.05991e-06
8.58307e-06
8.58307e-06
8.58307e-06
8.58307e-06
8.10623e-06
8.10623e-06
8.10623e-06
7.62939e-06
7.62939e-06
7.62939e-06
7.62939e-06
7.62939e-06
7.62939e-06
7.62939e-06
7.62939e-06
7.15256e-06
7.15256e-06
7.15256e-06
6.67572e-06
6.67572e-06
6.67572e-06
6.67572e-06
6.67572e-06
6.67572e-06
6.67572e-06
6.67572e-06
6.19888e-06
6.19888e-06
6.19888e-06
6.19888e-06
5.72205e-06
5.72205e-06
5.72205e-06
5.72205e-06
5.72205e-06
5.24521e-06
4.76837e-06
4.76837e-06
4.76837e-06
4.76837e-06
4.76837e-06
4.76837e-06
4.29153e-06
4.29153e-06
4.29153e-06
4.29153e-06
3.8147e-06
3.8147e-06
3.8147e-06
3.33786e-06
3.33786e-06
3.33786e-06
3.33786e-06
3.33786e-06
2.86102e-06
2.86102e-06
2.38419e-06
2.38419e-06
2.38419e-06
2.38419e-06
2.38419e-06
1.90735e-06
1.90735e-06
1.90735e-06
1.90735e-06
1.43051e-06
1.43051e-06
1.43051e-06
1.43051e-06
1.43051e-06
9.53674e-07
9.53674e-07
9.53674e-07
4.76837e-07
4.76837e-07
4.76837e-07
4.76837e-07
4.76837e-07
0
0
0
0
0
0
0
-4.76837e-07
-4.76837e-07
-4.76837e-07
-9.53674e-07
-9.53674e-07
-9.53674e-07
-9.53674e-07
-9.53674e-07
-9.53674e-07
-9.53674e-07
-1.43051e-06
-1.43051e-06
-1.43051e-06
-1.43051e-06
-1.43051e-06
-1.43051e-06
-1.90735e-06
-1.90735e-06
-1.90735e-06
-1.90735e-06
-1.90735e-06
-1.90735e-06
-1.90735e-06
-1.90735e-06
-2.38419e-06
-2.38419e-06
-2.38419e-06
-2.86102e-06
-2.86102e-06
-3.33786e-06
-3.33786e-06
-3.33786e-06
-3.33786e-06
-3.33786e-06
-3.33786e-06
-3.33786e-06
-3.33786e-06
-3.33786e-06
-3.33786e-06
-3.8147e-06
-3.8147e-06
-3.8147e-06
-3.8147e-06
-4.29153e-06
-4.29153e-06
-4.76837e-06
-4.76837e-06
-4.76837e-06
-4.76837e-06
-4.76837e-06
-5.24521e-06
-5.24521e-06
-5.24521e-06
-5.24521e-06
-5.72205e-06
-5.72205e-06
-5.72205e-06
-5.72205e-06
-5.72205e-06
-6.19888e-06
-6.19888e-06
-6.19888e-06
-6.19888e-06
-6.19888e-06
-6.67572e-06
-6.67572e-06
-6.67572e-06
-7.15256e-06
-7.15256e-06
-7.15256e-06
-7.15256e-06
-7.15256e-06
-7.15256e-06
-7.62939e-06
-7.62939e-06
-7.62939e-06
-7.62939e-06
-7.62939e-06
-7.62939e-06
-8.10623e-06
-8.10623e-06
-8.10623e-06
-8.10623e-06
-8.10623e-06
-8.10623e-06
-8.10623e-06
-8.10623e-06
-8.58307e-06
-8.58307e-06
-8.58307e-06
-8.58307e-06
-8.58307e-06
-8.58307e-06
-8.58307e-06
-8.58307e-06
-8.58307e-06
-8.58307e-06
-8.58307e-06
-8.58307e-06
-9.05991e-06
-9.53674e-06
-9.53674e-06
-9.53674e-06
-1.00136e-05
-1.00136e-05
-1.00136e-05
-1.04904e-05
-1.04904e-05
-1.04904e-05
-1.04904e-05
-1.04904e-05
-1.04904e-05
-1.04904e-05
-1.09673e-05
-1.09673e-05
-1.09673e-05
-1.09673e-05
-1.09673e-05
-1.09673e-05
-1.09673e-05
-1.14441e-05
-1.14441e-05
-1.14441e-05
-1.14441e-05
-1.19209e-05
-1.19209e-05
-1.19209e-05
-1.23978e-05
-1.23978e-05
-1.23978e-05
-1.28746e-05
-1.28746e-05
-1.33514e-05
-1.33514e-05
-1.33514e-05
-1.33514e-05
-1.33514e-05
-1.43051e-05
-1.43051e-05
-1.43051e-05
-1.43051e-05
-1.43051e-05
-1.43051e-05
-1.4782e-05
-1.4782e-05
-1.52588e-05
-1.52588e-05
-1.52588e-05
-1.52588e-05
-1.57356e-05
-1.57356e-05
-1.62125e-05
-1.62125e-05
-1.66893e-05
-1.71661e-05
-1.71661e-05
-1.7643e-05
-1.85966e-05
